37
58
183
371
373
376
377
378
379
380
381
505
506
507
508
537
539
540
544
555
556
557
558
560
581
582
583
584
585
586
587
588
589
590
611
613
614
622
635
641
660
770
861
863
864
865
866
867
868
933
934
935
936
942
943
944
945
946
952
953
954
959
960
977
1021
1035
1073
1089
1139
1228
1382
1426
1458
1511
1579
1580
1582
1583
1584
1585
1586
1587
1588
1589
1634
1660
1667
1670
1671
1672
1673
1674
1678
1691
1706
1708
1772
1777
1778
1793
1794
1795
1803
1804
1805
1843
1844
1846
1847
1848
1849
1884
1886
1914
1915
1958
1959
1962
1968
1985
2047
2048
2049
2068
2070
2085
2235
2246
2247
2270
2272
2394
2429
2430
2432
2433
2473
2481
2494
2495
2496
2530
2577
2639
2692
2712
2713
2757
2758
2759
2760
2761
2762
2763
2806
2871
2872
2875
2876
2877
2878
2879
2880
2924
2925
2926
2927
2965